166 332 216 15797 485 232 1578 344 14 6425 41 40
2034 2398 1082 3030 1068 1886 2214 362 1589 895 342 34
98 567 65 63 411 344 5076 6 82 64 156 1
840 15744 1056 12625 1358 13605 8569 578 3125 933 1040 29
762 1321 343 380 910 1306 2446 147 130 1420 278 3
12036 310 1350 7803 371 515 1047 1061 36 2298 332 11
5724 2318 1263 3599 3099 5358 6267 408 389 1890 2054 7
37 885 19 1331 112 489 154 82 118 239 24 2
1041 153 349 1919 584 449 1062 130 4 779 157 3
100 1468 40 11072 126 1309 255 211 547 973 305 11
430 237 17 211 156 452 3353 37 41 97 45 2
2 68 1 28 4 19 14 2 6 2 2 118
